1000
851 1093
445 875
268 1215
600 1201
45 753
1165 1344
1057 1322
1317 1341
375 1292
1043 1291
12 736
1043 1431
769 1105
219 1199
904 1280
1294 1392
1095 1351
1067 1217
766 1210
1028 1312
926 1438
1438 1439
1244 1291
1231 1425
764 961
971 1178
591 1211
450 933
111 635
704 762
1398 1417
371 593
666 1429
1341 1400
1280 1353
750 1198
275 468
1121 1152
100 1237
1128 1207
1100 1185
34 213
67 504
1069 1102
252 271
28 1305
380 1126
768 1319
86 610
683 1127
1173 1392
529 552
278 586
976 1128
788 892
1340 1439
230 1115
680 1170
242 1248
546 620
133 487
741 1029
463 1223
1273 1414
1294 1346
1134 1241
600 680
226 1177
295 1372
1139 1297
425 487
1400 1416
698 1343
1022 1213
1221 1297
164 200
86 316
647 1361
40 1219
1188 1397
398 901
486 930
625 1160
852 887
5 349
1259 1394
857 1054
669 1297
1248 1357
171 1324
516 552
470 657
1043 1307
325 1281
1162 1367
1333 1395
1156 1400
778 973
469 575
894 1131
1096 1356
519 989
455 1396
1266 1341
649 697
401 604
1175 1346
431 806
183 606
1408 1420
105 1202
368 1249
481 756
304 396
671 1213
1347 1399
343 969
351 502
1003 1281
39 886
1041 1139
459 1072
153 1106
836 1192
1157 1288
758 791
106 685
645 1035
1233 1435
410 520
1345 1392
773 1315
330 1388
1160 1210
1286 1356
1132 1365
1281 1388
158 690
961 1054
986 1372
1436 1440
513 639
584 684
793 1077
1272 1381
831 1273
453 1238
960 1409
1302 1383
630 724
608 999
1015 1157
891 1002
13 366
98 1272
354 391
515 958
121 1122
1142 1373
131 965
370 1104
1424 1430
350 367
55 844
1359 1376
624 1035
1244 1255
1364 1376
1155 1338
33 744
364 1257
1385 1403
315 624
1078 1232
217 710
433 935
244 1049
222 418
577 1125
131 734
386 1274
546 1313
350 841
504 1417
932 1000
83 205
428 1130
1069 1362
1432 1435
1106 1234
1437 1440
530 957
404 1149
90 1228
1299 1300
179 1039
1010 1365
554 650
850 1095
716 1375
684 1027
314 1130
804 969
1055 1201
1216 1241
410 1240
1238 1390
412 1407
633 722
587 818
240 661
80 328
456 1255
351 574
1017 1248
1433 1436
896 979
1105 1359
890 1272
1144 1278
1277 1412
240 1292
1325 1374
14 505
452 1318
290 764
1419 1428
89 657
446 1216
738 1165
5 53
49 1166
977 982
1408 1418
1323 1339
244 1297
424 933
446 908
1201 1244
825 1354
1171 1389
176 370
37 771
1191 1291
781 1151
92 1016
491 1019
150 726
812 971
454 891
1238 1345
589 931
1338 1408
670 813
872 881
761 1408
700 1287
335 1000
932 1324
606 1141
706 1011
378 1436
886 961
1295 1339
1210 1379
922 1289
984 1178
47 739
761 1137
626 1181
1361 1439
1035 1303
1145 1370
873 1389
792 1090
1373 1396
582 1440
285 884
388 801
1256 1281
1368 1377
1181 1194
969 1024
215 669
288 1074
754 863
1040 1189
647 1237
399 1238
7 382
1203 1280
547 1384
409 784
1131 1215
124 487
761 811
992 1018
115 1016
941 1352
1317 1376
297 909
985 1370
946 1090
1290 1384
1024 1211
1020 1114
186 316
3 321
213 1136
1345 1423
960 966
532 912
827 1263
685 907
513 713
861 900
1427 1438
963 1317
719 896
176 1347
260 261
516 1162
1007 1081
1382 1421
563 1097
873 1272
513 1148
724 829
340 980
1091 1390
1225 1364
238 461
503 1439
354 670
1072 1235
76 444
1349 1414
80 1341
199 284
168 778
254 1297
314 653
180 839
835 958
110 260
1424 1426
574 789
823 970
666 1313
400 1231
448 811
1049 1111
728 892
131 975
1058 1077
798 1349
1216 1373
909 1051
445 1224
616 923
1062 1178
548 865
4 1209
656 1173
737 750
994 1310
478 923
968 1410
1108 1134
1073 1233
1289 1405
436 1055
1349 1393
428 955
257 487
531 1074
320 1246
410 931
990 1000
230 1320
471 593
1138 1235
276 1425
1378 1401
575 1094
515 980
191 1205
1065 1108
261 610
549 1205
329 897
409 1161
1221 1415
1412 1438
90 324
1319 1413
393 602
674 710
641 1145
1101 1236
423 1181
1149 1371
318 1408
1238 1253
332 743
500 660
51 202
1285 1427
1406 1424
1068 1078
512 1236
614 665
53 1339
1436 1439
1005 1032
155 859
1309 1383
563 633
207 553
499 1301
592 969
322 954
790 1362
145 1407
272 1283
1157 1309
930 1328
587 977
743 1294
359 561
511 1288
970 1321
1038 1370
73 630
645 1109
541 833
154 325
1395 1420
1274 1364
1204 1298
200 247
695 1041
1245 1304
376 1081
420 1116
362 1257
1103 1165
664 1040
913 1111
500 887
999 1290
923 1089
779 1336
647 1235
776 1276
748 946
1156 1427
676 1349
495 590
1409 1436
846 957
482 525
1310 1338
739 1194
1223 1351
458 473
1372 1411
420 937
981 1329
55 1351
1300 1349
585 799
686 1065
1001 1087
105 124
191 540
24 1379
295 321
1199 1344
160 314
1042 1084
1065 1226
439 1322
840 997
236 302
527 1133
931 1054
949 1281
366 752
831 956
147 167
519 1042
3 140
793 1143
926 1089
295 662
374 438
316 959
1364 1398
1302 1347
58 298
666 1305
1419 1425
567 702
301 1348
1029 1149
987 1097
1173 1324
1004 1202
607 679
227 910
611 674
1068 1371
856 1343
386 426
1332 1426
941 1226
732 825
370 1170
540 762
305 1103
654 822
278 1204
1175 1303
1101 1108
842 1002
1309 1430
1313 1350
558 854
384 1231
579 619
725 1425
562 686
1380 1405
969 996
202 282
224 758
1430 1431
586 1054
1280 1395
482 540
212 478
731 959
1000 1145
125 1023
1040 1432
1320 1353
1120 1295
276 867
946 1256
1069 1349
131 159
1123 1404
486 1268
760 1126
1113 1299
1025 1237
139 535
817 1142
992 1165
498 516
1078 1419
457 1286
209 935
344 878
75 1184
851 1297
795 868
1384 1407
573 1018
87 930
275 843
624 1367
362 1283
393 1237
98 1424
275 1151
100 256
1251 1300
1121 1432
878 1302
570 1148
837 1358
792 1268
1102 1382
40 1275
1238 1352
107 903
1391 1417
1439 1440
1249 1289
569 1160
40 1411
73 1099
73 1319
835 1213
130 1017
791 1361
390 1258
249 1031
808 962
512 1089
268 1322
1131 1320
379 567
144 1064
320 1275
20 540
410 1428
453 754
1354 1404
78 1326
552 1186
843 1149
1046 1438
188 408
114 237
824 900
1372 1440
927 971
268 1381
1332 1428
201 795
1214 1432
444 1357
1434 1438
446 478
1378 1403
84 919
18 315
645 1380
1374 1438
892 1057
480 717
33 1054
1356 1361
611 1022
42 485
820 1401
905 1238
24 745
418 537
233 707
428 937
622 1361
1354 1360
301 719
216 1195
746 821
405 969
25 302
84 513
968 1380
582 1354
1372 1423
1317 1328
1009 1161
80 1149
543 1212
987 1396
923 1360
11 789
316 1304
739 779
1010 1301
418 450
1309 1432
1179 1428
450 942
55 655
681 794
1223 1411
78 569
993 1259
634 820
1036 1351
740 804
1371 1405
942 1206
12 114
900 1112
1173 1184
1276 1406
956 1031
1084 1294
1246 1363
56 1128
1104 1109
1382 1425
749 1000
368 799
1336 1350
1117 1159
32 587
457 1126
161 622
967 1197
687 765
322 580
806 1342
737 1153
1183 1213
1323 1343
783 1213
14 1426
1390 1436
943 1240
314 910
701 1297
523 984
479 991
344 1091
14 680
390 942
77 434
529 747
1431 1435
1331 1391
591 797
137 355
184 1324
770 1396
405 606
195 719
530 702
337 431
427 1181
134 1299
21 192
55 84
904 927
471 599
749 1299
127 261
245 519
1279 1422
1218 1247
465 507
570 950
46 120
125 851
716 1347
1203 1281
764 1377
460 1251
398 493
44 775
448 1116
1304 1351
1228 1438
874 980
323 1070
86 987
1019 1055
202 554
490 836
215 733
1291 1324
443 744
790 833
1358 1411
1141 1352
321 954
48 381
1094 1213
1251 1439
318 1246
604 746
789 995
75 1347
277 427
665 1225
1161 1379
290 330
1390 1409
1080 1204
1011 1095
763 1358
404 963
1312 1323
1276 1285
325 665
420 443
973 1072
616 1214
1432 1436
771 1025
200 516
940 1242
1345 1419
638 842
127 142
110 212
1307 1338
485 1215
22 1121
147 204
1252 1372
696 963
1218 1343
1266 1270
133 303
9 406
639 1412
859 1166
272 747
1417 1419
433 880
452 1150
1068 1109
1179 1312
421 741
1222 1369
1312 1356
74 1319
711 1389
456 1082
394 645
1413 1417
1155 1359
870 1283
1061 1316
844 913
136 1124
842 1274
903 1073
597 1060
1021 1367
406 978
704 1415
789 845
930 1359
95 249
1097 1146
989 1090
274 1250
219 267
1058 1397
951 999
530 604
1116 1218
943 1087
576 705
1391 1424
901 1249
647 1033
1195 1373
748 996
1226 1253
1031 1123
1095 1196
772 1216
760 812
1012 1269
1341 1433
1025 1338
1313 1409
881 1251
1212 1279
100 1165
931 1202
704 764
624 628
232 275
959 1293
825 1233
681 881
483 1016
1061 1388
617 995
348 821
71 149
527 801
578 626
850 1191
747 1293
789 1303
1136 1184
369 738
336 1238
1153 1288
652 921
451 1133
480 1016
985 1376
326 475
1053 1204
66 1282
698 721
1261 1270
119 615
1110 1335
671 1387
1064 1251
1171 1401
7 445
138 864
891 1420
1422 1431
394 648
896 1263
1056 1366
449 1060
827 1170
299 899
1404 1417
969 1309
372 982
1019 1416
229 1406
545 1312
801 1409
700 810
779 1337
1257 1376
90 122
850 942
995 1084
639 768
324 761
1380 1397
1045 1049
860 1058
489 918
928 962
821 1042
859 1199
724 1060
658 1273
711 1403
433 1009
977 1192
1403 1434
1283 1416
267 294
859 943
869 1235
656 853
650 1066
565 1100
451 1041
820 1419
1356 1379
135 1151
1412 1413
1164 1272
1229 1267
287 1079
1398 1435
757 1071
180 1118
834 1068
670 824
1232 1272
1188 1366
163 1381
599 907
418 1068
1005 1102
746 1049
673 1265
391 755
1193 1248
1118 1165
1096 1285
957 1378
419 907
1143 1244
1426 1428
1164 1173
781 988
1371 1416
522 768
1012 1439
241 790
324 743
728 1140
360 1014
1373 1374
819 1025
1321 1388
194 1362
246 873
939 1248
786 1320
1206 1430
1184 1244
927 1085
210 912
1362 1418
1287 1294
265 1352
467 1303
1156 1167
1437 1438
410 1151
471 1106
872 1414
1397 1417
1072 1105
