200
-994 -823
-972 -746
-951 -692
-934 -801
-917 -719
-882 -765
-865 -691
-843 -777
-826 -714
-801 -749
-787 -802
-765 -688
-742 -771
-724 -806
-701 -732
-684 -759
-662 -794
-643 -707
-621 -745
-604 -782
-582 -698
-563 -801
-541 -723
-522 -757
-501 -689
-487 -774
-463 -706
-442 -731
-421 -759
-403 -788
-382 -697
-361 -723
-344 -755
-321 -779
-302 -693
-281 -717
-263 -743
-241 -769
-222 -794
-201 -677
-183 -702
-164 -728
-142 -753
-121 -779
-102 -804
-81 -681
-63 -706
-41 -732
-22 -758
-1 -784
17 -659
36 -685
54 -711
73 -737
92 -763
114 -789
133 -668
151 -694
173 -720
192 -746
211 -772
233 -649
252 -675
274 -701
293 -727
312 -753
334 -779
353 -803
375 -682
394 -708
416 -734
435 -760
457 -786
476 -665
498 -691
517 -717
536 -743
558 -769
577 -795
599 -674
618 -700
640 -726
659 -752
681 -778
700 -804
722 -683
741 -709
763 -735
782 -761
804 -787
823 -666
845 -692
864 -718
886 -744
905 -770
927 -796
946 -675
968 -701
987 -727
1009 -753
1028 -779
1047 -804
1069 -683
1088 -709
1110 -735
1129 -761
1151 -787
1170 -666
1192 -692
1211 -718
1233 -744
1252 -770
1274 -796
1293 -819
1312 -698
1334 -724
1353 -750
1375 -776
1394 -802
1416 -681
1435 -707
1457 -733
1476 -759
1498 -785
1517 -664
1539 -690
1558 -716
1580 -742
1599 -768
1621 -794
1640 -673
1662 -699
1681 -725
1703 -751
1722 -777
1744 -803
1763 -682
1785 -708
1804 -734
1826 -760
1845 -786
1867 -812
1886 -691
1908 -717
1927 -743
1949 -769
1968 -795
1990 -821
2009 -700
2031 -726
2050 -752
2072 -778
2091 -804
2113 -830
2132 -709
2154 -735
2173 -761
2195 -787
2214 -813
2236 -839
2255 -718
2277 -744
2296 -770
2318 -796
2337 -822
2359 -848
2378 -727
2400 -753
2419 -779
2441 -805
2460 -831
2482 -857
2501 -736
2523 -762
2542 -788
2564 -814
2583 -840
2605 -866
2624 -745
2646 -771
2665 -797
2687 -823
2706 -849
2728 -875
2747 -754
2769 -780
2788 -806
2810 -832
2829 -858
2851 -884
2870 -763
2892 -789
2911 -815
2933 -841
2952 -867
2974 -893
2993 -772
3015 -798
3034 -824
3056 -850
5